22222222222222222222222222222222222222222222222222222222222222222222222222222222222222222222222222222222222222222222222222222222222222222222222222222222222222222222222222222222222222222222222222222222222222222222222222222222222222222222222222222222222222222222222222222222222222222222222222222222222
                                     222222222222222222
                                     
                                                 3
                 1  1                           3            3                 1                                            3
                                               3
      8                                   5    5                     8
                                        888888888888
                                     88822222222222288          
                                     222222222222222228                                               3
               5 5 444        55    8822222222222222222288        1     5          8      4                                                    5                5                  55555555                      555555555555                     5555
888888888888888888888888    888888822222222222222222222888888888888888888   88    8888888888877788   888   88   88888888888888888888888888888888888888888888888888888888888888888888888888888888888888888  88888888888888888888888888888     888888888888888888888888888   88888888888888888888888888888888888888888